b0 & 1 == 1 => On else Off

BYPASS              01 00 00 00 00 00 00 00 00 00 00 00 00 00 00 00 00 00

OPTCOMP             61 00 00 02 00 00 00 00 00 00 00 00 00 00 00 00 00 00 
D COMP              31 00 00 02 00 00 00 00 00 00 00 00 00 00 00 00 00 00 
M COMP              41 00 00 02 00 00 00 00 00 00 00 00 00 00 00 00 00 00 
DUAL COMP           41 01 00 02 00 00 00 00 00 00 00 00 00 00 00 00 00 00 
160 COMP            6b 00 00 02 00 00 00 00 00 00 00 00 00 00 00 00 00 00 
Limiter             75 00 00 02 00 00 00 00 00 00 00 00 00 00 00 00 00 00 
Slow ATTCK          81 00 00 02 00 00 00 00 00 00 00 00 00 00 00 00 00 00 
ZNR                 a1 00 00 02 00 00 00 00 00 00 00 00 00 00 00 00 00 00 

BassGraphicEQ       31 00 00 04 00 00 00 00 00 00 00 00 00 00 00 00 00 00 
BasParaEQ           49 00 00 04 00 00 00 00 00 00 00 00 00 00 00 00 00 00 
Splitter            51 00 00 04 00 00 00 00 00 00 00 00 00 00 00 00 00 00 
Bottom B            59 00 00 04 00 00 00 00 00 00 00 00 00 00 00 00 00 00 
Exciter             61 00 00 04 00 00 00 00 00 00 00 00 00 00 00 00 00 00 
BassAutoWah         b1 00 00 04 00 00 00 00 00 00 00 00 00 00 00 00 00 00
ZTRON               11 01 00 04 00 00 00 00 00 00 00 00 00 00 00 00 00 00 
M-Filter            21 01 00 04 00 00 00 00 00 00 00 00 00 00 00 00 00 00 
A-FILTER            2b 01 00 04 00 00 00 00 00 00 00 00 00 00 00 00 00 00 
Bass CRY            35 01 00 04 00 00 00 00 00 00 00 00 00 00 00 00 00 00 
STEP                41 01 00 04 00 00 00 00 00 00 00 00 00 00 00 00 00 00 
SEQ FILTER          61 01 00 04 00 00 00 00 00 00 00 00 00 00 00 00 00 00 
RANDOM FILTER       81 01 00 04 00 00 00 00 00 00 00 00 00 00 00 00 00 00 

BASS BOOSTER        21 00 80 02 00 00 00 00 00 00 00 00 00 00 00 00 00 00 
BassOverDrive       41 00 80 02 00 00 00 00 00 00 00 00 00 00 00 00 00 00 
BASS MUFF           61 00 80 02 00 00 00 00 00 00 00 00 00 00 00 00 00 00 
T Scream            41 01 80 02 00 00 00 00 00 00 00 00 00 00 00 00 00 00 
Bass Dist           a1 00 80 02 00 00 00 00 00 00 00 00 00 00 00 00 00 00 
BassSqueak          61 01 80 02 00 00 00 00 00 00 00 00 00 00 00 00 00 00 
BassFuzzSmile       81 01 80 02 00 00 00 00 00 00 00 00 00 00 00 00 00 00 
Bass Metal          21 01 80 02 00 00 00 00 00 00 00 00 00 00 00 00 00 00 

BASS DRIVE          21 00 c0 02 00 00 00 00 00 00 00 00 00 00 00 00 00 00 
D.I+                41 00 c0 02 00 00 00 00 00 00 00 00 00 00 00 00 00 00 
Bass BB             61 00 c0 02 00 00 00 00 00 00 00 00 00 00 00 00 00 00 
DI5                 81 00 c0 02 00 00 00 00 00 00 00 00 00 00 00 00 00 00 
BassPre             a1 00 c0 02 00 00 00 00 00 00 00 00 00 00 00 00 00 00 
Ac Bs Pre           c1 00 c0 02 00 00 00 00 00 00 00 00 00 00 00 00 00 00 

SVT                 21 00 20 0a 00 00 00 00 00 00 00 00 00 00 00 00 00 00 
B-MAN               41 00 20 0a 00 00 00 00 00 00 00 00 00 00 00 00 00 00 
Hrt-3500            61 00 20 0a 00 00 00 00 00 00 00 00 00 00 00 00 00 00 
SMR                 81 00 20 0a 00 00 00 00 00 00 00 00 00 00 00 00 00 00 
Flip Top            a1 00 20 0a 00 00 00 00 00 00 00 00 00 00 00 00 00 00 
acoustic            c1 00 20 0a 00 00 00 00 00 00 00 00 00 00 00 00 00 00 
agamp               e1 00 20 0a 00 00 00 00 00 00 00 00 00 00 00 00 00 00 
monotone            01 01 20 0a 00 00 00 00 00 00 00 00 00 00 00 00 00 00 
SUPER B             21 01 20 0a 00 00 00 00 00 00 00 00 00 00 00 00 00 00 
G-KRUEGER           41 01 20 0a 00 00 00 00 00 00 00 00 00 00 00 00 00 00 
Heaven              61 01 20 0a 00 00 00 00 00 00 00 00 00 00 00 00 00 00 
Mark B              81 01 20 0a 00 00 00 00 00 00 00 00 00 00 00 00 00 00 

Tremolo             11 00 00 0c 00 00 00 00 00 00 00 00 00 00 00 00 00 00 
Slicer              41 00 00 0c 00 00 00 00 00 00 00 00 00 00 00 00 00 00 
Phaser              61 00 00 0c 00 00 00 00 00 00 00 00 00 00 00 00 00 00 
Duo-Phase           6b 00 00 0c 00 00 00 00 00 00 00 00 00 00 00 00 00 00 
WarpPhaser          75 00 00 0c 00 00 00 00 00 00 00 00 00 00 00 00 00 00 
Vibrato             01 02 00 0c 00 00 00 00 00 00 00 00 00 00 00 00 00 00 
TheVibe             81 00 00 0c 00 00 00 00 00 00 00 00 00 00 00 00 00 00 
Bass CHORUS         f1 00 00 0c 00 00 00 00 00 00 00 00 00 00 00 00 00 00 
Bass Detune         11 01 00 0c 00 00 00 00 00 00 00 00 00 00 00 00 00 00 
StereoCho           41 01 00 0c 00 00 00 00 00 00 00 00 00 00 00 00 00 00 
Bass Ensemble       71 01 00 0c 00 00 00 00 00 00 00 00 00 00 00 00 00 00 
Corona Tri          01 04 00 0c 00 00 00 00 00 00 00 00 00 00 00 00 00 00 
Bass Flanger        d1 01 00 0c 00 00 00 00 00 00 00 00 00 00 00 00 00 00 
Vin FLNGR           b1 01 00 0c 00 00 00 00 00 00 00 00 00 00 00 00 00 00 
Bass Octave         31 02 00 0c 00 00 00 00 00 00 00 00 00 00 00 00 00 00 
Pitch SHFT          41 02 00 0c 00 00 00 00 00 00 00 00 00 00 00 00 00 00 
Bass Pitch          71 02 00 0c 00 00 00 00 00 00 00 00 00 00 00 00 00 00 
HPS                 81 02 00 0c 00 00 00 00 00 00 00 00 00 00 00 00 00 00 
BEND CHO            a1 02 00 0c 00 00 00 00 00 00 00 00 00 00 00 00 00 00 
MojoRoller          c1 02 00 0c 00 00 00 00 00 00 00 00 00 00 00 00 00 00 
RingMod             e1 02 00 0c 00 00 00 00 00 00 00 00 00 00 00 00 00 00 

Bit Crush           21 00 00 0e 00 00 00 00 00 00 00 00 00 00 00 00 00 00 
BOMBER              41 00 00 0e 00 00 00 00 00 00 00 00 00 00 00 00 00 00 
AUTOPAN             a1 00 00 0e 00 00 00 00 00 00 00 00 00 00 00 00 00 00 
BassSynth           71 00 00 0e 00 00 00 00 00 00 00 00 00 00 00 00 00 00 
StdSyn              e1 00 00 0e 00 00 00 00 00 00 00 00 00 00 00 00 00 00 
Syn Tlk             01 01 00 0e 00 00 00 00 00 00 00 00 00 00 00 00 00 00 
V-SYN               81 01 00 0e 00 00 00 00 00 00 00 00 00 00 00 00 00 00 
4VoiceSyn           a1 01 00 0e 00 00 00 00 00 00 00 00 00 00 00 00 00 00 
Z-SYN               21 01 00 0e 00 00 00 00 00 00 00 00 00 00 00 00 00 00 
Z-Organ             81 00 00 0e 00 00 00 00 00 00 00 00 00 00 00 00 00 00 
Defret              41 01 00 0e 00 00 00 00 00 00 00 00 00 00 00 00 00 00 

DELAY               11 00 00 10 00 00 00 00 00 00 00 00 00 00 00 00 00 00 
TapeEcho            21 00 00 10 00 00 00 00 00 00 00 00 00 00 00 00 00 00 
StompDly            81 01 00 10 00 00 00 00 00 00 00 00 00 00 00 00 00 00 
ModDelay2           51 00 00 10 00 00 00 00 00 00 00 00 00 00 00 00 00 00 
ReverseDelay        81 00 00 10 00 00 00 00 00 00 00 00 00 00 00 00 00 00 
Multi Tap Delay     a1 00 00 10 00 00 00 00 00 00 00 00 00 00 00 00 00 00 
Filter Dly          e1 00 00 10 00 00 00 00 00 00 00 00 00 00 00 00 00 00 
Pitch Delay         01 01 00 10 00 00 00 00 00 00 00 00 00 00 00 00 00 00 
TRIGGER HOLD DELAY  61 01 00 10 00 00 00 00 00 00 00 00 00 00 00 00 00 00 
STEREO DELAY        21 01 00 10 00 00 00 00 00 00 00 00 00 00 00 00 00 00 

HD Hall             11 00 00 12 00 00 00 00 00 00 00 00 00 00 00 00 00 00 
HALL                21 00 00 12 00 00 00 00 00 00 00 00 00 00 00 00 00 00 
ROOM                41 00 00 12 00 00 00 00 00 00 00 00 00 00 00 00 00 00 
Tiled Rm            61 00 00 12 00 00 00 00 00 00 00 00 00 00 00 00 00 00 
Arena Reverb        a1 00 00 12 00 00 00 00 00 00 00 00 00 00 00 00 00 00 
Plate               21 01 00 12 00 00 00 00 00 00 00 00 00 00 00 00 00 00 
AIR                 e1 00 00 12 00 00 00 00 00 00 00 00 00 00 00 00 00 00 
Early Reflection    c1 00 00 12 00 00 00 00 00 00 00 00 00 00 00 00 00 00 
MOD REVERB          41 01 00 12 00 00 00 00 00 00 00 00 00 00 00 00 00 00 
Slap Back Reverb    61 01 00 12 00 00 00 00 00 00 00 00 00 00 00 00 00 00 
PARTICLE REVERB     21 03 00 12 00 00 00 00 00 00 00 00 00 00 00 00 00 00 
